level	start	end	color	opacity	title	initiation	in	out	children	parents	prof_uid
3	38233	38845	#00ffd8	1.0	Fill	11					2521
